1805
1290
1284
1280
1292
1292
1286
1294
1283
1281
1285
1295
1287
1281
1281
1290
1285
1282
1288
1291
1288
1293
1294
1290
1290
1280
1286
1286
1288
1798
1796
1537
1288
1280
1281
1293
1293
1282
1292
1290
1288
1284
1288
1283
1281
1289
1290
1295
1295
1286
1289
1289
1291
1289
1281
1281
1287
1290
1290
1290
1288
1286
1286
1281
1281
1289
1288
1288
1280
1289
1280
1280
1294
1287
1292
1281
1287
1289
1283
1290
1286
1291
1288
1285
1295
1295
1283
1281
1286
1280
1283
1295
1281
1280
1280
1286
1295
1292
1288
1291
1284
1283
1280
1284
1284
1283
1295
1294
1294
1288
1286
1293
1293
1282
1289
1288
1282
1286
1283
1291
1291
1291
1283
1293
1283
1284
1289
1292
1287
1283
1292
1292
1280
1291
1288
1280
1286
1280
1280
1288
1292
1284
1288
1287
1283
1288
1290
1293
1293
1288
1291
1295
1290
1288
1294
1295
1292
1283
1283
1287
1289
1295
1291
1294
1287
1291
1289
1289
1291
1282
1280
1280
1287
1280
1289
1289
1286
1280
1288
1283
1284
1282
1291
1295
1293
1293
1280
1295
1286
1287
1292
1286
1292
1289
1289
1293
1295
1281
1289
1284
1290
1291
1283
1287
1294
1287
1287
1290
1295
1295
1280
1282
1282
1280
1284
1294
1280
1288
1288
1280
1280
1280
1288
1295
1294
1282
1283
1282
1295
1294
1294
1283
1281
1295
1291
1281
1288
1291
1280
1280
1290
1282
1280
1293
1288
1287
1286
1287
1287
1285
1289
1295
1280
1291
1282
1282
1288
1292
1292
1280
1289
1288
1286
1291
1284
1286
1286
1285
1283
1284
1284
1287
1280
1280
1295
1291
1280
1282
1285
1280
1280
1290
1286
1283
1285
1284
1282
1287
1288
1288
1290
1284
1281
1281
1287
1292
1293
1293
1280
1295
1288
1283
1289
1290
1283
1294
1280
1280
1280
1292
1291
1280
1284
1294
1294
1282
1282
1281
1289
1291
1292
1283
1295
1293
1288
1284
1290
1283
1291
1281
1281
1281
1283
1291
1291
1295
1292
1281
1294
1288
1281
1285
1284
1284
1287
1294
1291
1291
1291
1286
1286
1292
1284
1280
1280
1280
1282
1290
1286
1295
1295
1291
1280
1285
1284
1284
1284
1285
1284
1293
1288
1287
1284
1290
1290
1295
1285
1288
1295
1288
1292
1290
1288
1281
1281
1295
1280
1288
1282
1280
1290
1288
1288
1280
1287
1287
1284
1282
1281
1280
1280
1280
1285
1293
1294
1294
1291
1294
1290
1291
1292
1292
1283
1289
1289
1287
1288
1282
1288
1288
1293
1282
1283
1283
1281
1290
1293
1285
1283
1294
1293
1291
1292
1292
1280
1288
1295
1284
1291
1291
1288
1281
1281
1289
1280
1295
1284
1295
1288
1291
1291
1281
1284
1282
1292
1281
1280
1289
1286
1282
1282
1292
1288
1290
1295
1285
1285
1288
1287
1287
1293
1290
1292
2820
2830
2823
2829
2816
2820
2819
2819
2831
2816
1280
1283
1290
1289
1287
2821
1287
1280
1280
1289
1287
1291
1281
1280
1285
1281
1291
1292
1280
1295
1281
1286
1283
1285
1291
1285
1286
1281
1284
1285
1284
1287
1287
1282
1537
1290
1288
1292
1289
1281
1281
1287
1290
1295
1291
1291
1291
1295
1288
1283
1283
1286
1283
1286
1286
1281
1287
1287
1287
1281
1286
1284
1294
1280
1287
1295
1295
1280
1289
1294
1290
1289
1291
1286
1286
1285
1285
1281
1292
1291
1291
1286
1293
1295
1291
1293
1287
1282
1282
1280
1294
1290
1289
1281
1295
1291
1283
1282
1292
1283
1280
1290
1290
1286
1280
1284
1283
1286
1281
1285
1293
1293
1280
1295
1290
1293
1284
1291
1293
1293
1283
1283
1282
1288
1283
1282
1286
1295
1292
1292
1284
1286
1281
1290
1288
1284
1290
1287
1287
1287
1286
1287
1283
1283
1293
1295
1287
1284
1282
1295
1289
1292
1289
1293
1284
1284
1288
1287
1289
1290
1285
1280
1293
1283
1283
1282
1295
1295
1291
1291
1281
1284
1286
1291
1291
1288
1281
1280
1281
1293
1291
1280
1289
1281
1288
1288
1288
1291
1292
1288
1280
1288
1288
1295
1295
1285
1285
1289
1284
1292
1292
1285
1286
1280
1280
1280
1285
1280
1292
1285
1284
1285
1285
1287
1295
1285
1285
1290
1286
1291
1294
1280
1291
1287
1284
1283
1283
1290
1284
1292
1288
1290
1295
1293
1280
1293
1295
1283
1289
1295
1288
1280
1295
1288
1283
1285
1291
1281
1281
1291
1290
1293
1291
1284
1293
1295
1287
1287
1287
1290
1291
1281
1287
1288
1283
1288
1288
1281
1287
1281
1281
1287
1281
1287
1280
1294
1287
1280
1291
1291
1295
1283
1291
1280
1287
1288
1282
1288
1288
1282
1280
1290
1295
1283
1295
1280
1287
1288
1280
1281
1287
1288
1295
1286
1289
1287
1281
1295
1291
1284
1284
1288
1291
1283
1289
1295
1280
1280
1295
1289
1289
1285
1291
1295
1284
1286
1294
1291
1282
1287
1291
1281
1283
1290
1283
1294
1295
1282
1284
1295
1291
1291
1281
1291
1288
1291
1282
1283
1292
1289
1286
1286
1281
1285
1287
1286
1289
1287
1283
1293
1283
1295
1288
1292
1288
1294
1288
1287
1285
1291
1288
1295
1291
1291
1292
1291
1284
1282
1288
1284
1286
1291
1291
1287
1288
1283
1295
1282
1293
1289
1291
1281
1280
1293
1290
1293
1289
1280
1293
1292
1282
1288
1283
1289
1289
1292
1293
1293
1293
1287
1291
1281
1282
1282
1280
1280
1284
1291
1289
1289
1286
1290
1282
1281
1283
1283
1294
1280
1287
1282
1280
1280
1290
1289
1280
1280
1281
1283
1292
1291
1280
1291
1295
1288
1288
1289
1294
1288
1288
1280
1282
1295
1287
1295
1294
1280
1280
1286
1284
1283
1281
1280
1292
1289
1285
1285
1285
1294
1287
1292
1288
1282
1287
1295
1282
1280
1289
1291
1292
1281
1281
1289
1284
1280
1280
1280
1284
1292
1293
1293
1282
1290
1295
1295
1288
1287
1287
1281
1281
1291
1290
1281
1281
1295
1285
1286
1286
1283
1285
1292
1283
1282
1287
1295
1280
1280
1286
1294
1286
1281
1286
1290
1289
1289
1284
1281
1287
1286
1286
1286
1280
1280
1287
1289
1290
1282
1284
1284
1290
1281
1287
1285
1291
1280
1281
1282
1293
1293
1284
1295
1293
1285
1289
1288
1288
1284
1290
1281
1281
1292
1295
1284
1284
1288
1292
1284
1284
1284
1292
1293
1283
1292
1289
1289
1284
1295
1295
1288
1281
1290
1286
1282
1295
1280
1293
1288
1280
1280
1280
1287
1280
1287
1290
1293
1283
1280
1289
1288
1293
1294
1280
1280
1282
1281
1293
1288
1288
1290
1282
1283
1287
1294
1295
1288
1291
1291
1283
1288
1287
1280
1295
1294
1291
1281
1295
1280
1286
1286
1286
1280
1293
1283
1283
1294
1289
1292
1281
1291
1285
1288
1280
1280
1287
1284
1285
1291
1288
1284
1295
1291
1291
1293
1289
1283
1283
1289
1280
1283
1280
1295
1284
1283
1280
1280
1291
1288
1295
1288
1295
1292
1281
1284
1294
1289
1283
1292
1289
1293
1291
1284
1283
1288
1283
1280
1294
1295
1280
1295
1290
1283
1283
1285
1291
1283
1289
1295
1289
1280
1280
1295
1287
1285
1285
1290
1283
1288
1287
1282
1290
1282
1288
1282
1282
1295
1288
1283
1282
1286
1281
1287
1282
1282
1295
1295
1292
1292
1295
1282
1289
1289
1282
1286
1286
1286
1280
1292
1292
1293
1288
1295
1285
1283
1287
1287
1286
1283
1285
1294
1282
1287
1290
1287
1287
1295
1286
1289
1283
1284
1282
1286
1285
1292
1288
1281
1288
1287
1286
1295
1287
1285
1285
1295
1283
1287
1287
1290
1284
1282
1280
1288
1291
1285
1280
1280
1293
1289
1283
1283
1292
1295
1291
1293
1284
1281
1294
1283
1283
1288
1288
1283
1281
1283
1294
1290
1285
1285
1280
1280
1285
1288
1280
1291
1290
1286
1286
1282
1287
1285
1282
1283
1291
1286
1289
1289
1283
1285
1287
1295
1290
1291
1280
1285
1285
1280
1295
1294
1289
1286
1283
1288
1295
1295
1283
1290
1288
1284
1284
1291
1285
1295
1289
1288
1287
1290
1286
1287
1294
1292
1290
1290
1295
1294
1291
1283
1285
1288
1293
1291
1291
1291
1286
1280
1295
1288
1292
1281
1287
1281
1281
1282
1292
1287
1295
1292
1280
1291
1291
1284
1295
1283
1281
1288
1283
1287
1293
1293
1287
1295
1280
1286
1289
1284
1282
1293
1281
1281
1280
1290
1295
1287
1285
1294
1294
1283
1283
1291
1292
1283
1295
1284
1291
1280
1280
1295
1291
1284
1293
1295
1288
1280
1295
1289
1289
1291
1289
1287
1292
1295
1287
1282
1292
1292
1291
1285
1282
1282
1280
1283
1288
1288
1280
1281
1290
1290
1286
1293
1283
1280
1293
1293
1295
1288
1293
1281
1280
1283
1281
1283
1283
1285
1291
1290
1280
1289
1287
1291
1288
1288
1280
1284
1287
1295
1286
1286
1284
1283
1283
1287
1290
1291
1283
1291
1283
1281
1292
1292
1292
1284
1289
1288
1285
1280
1284
1295
1295
1295
1285
1288
1288
1288
1284
1288
1288
1292
1281
1295
1294
1289
1295
1287
1291
1281
1281
1288
1295
1290
1295
1293
1285
1280
1280
1280
1281
1280
1294
1291
1292
1290
1287
1290
1289
1286
1286
1282
1292
1282
1290
1294
1282
1282
1294
1293
1294
1286
1287
1282
1286
1282
1282
1291
1283
1283
1284
1282
1288
1287
1291
1287
1295
1283
1282
1288
1287
1281
1286
1294
1294
1284
1286
1280
1281
1289
1287
1295
1280
1280
1292
1286
1280
1285
1294
1293
1281
1285
1293
1293
1294
1293
1290
1281
1286
1293
1284
1284
1280
1288
1295
1290
1291
1282
1292
1287
1287
1281
1289
1291
1292
1290
1286
1291
1293
1295
1295
1295
1287
1280
1289
1284
1284
1280
1280
1285
1295
1283
1286
1295
1288
1280
1294
1294
1292
1283
1280
1283
1293
1280
1282
1280
1294
1294
1283
1289
1285
1292
1293
1294
1283
1280
1280
1288
1288
1281
1281
1291
1288
1292
1292
1291
1284
1293
1283
1288
1293
1288
1288
1287
1287
1280
1285
1286
1293
1287
1283
1295
1295
1295
1293
1288
1289
1283
1295
1282
1283
1295
1287
1294
1288
1290
1294
1292
1295
1293
1286
1286
1284
1291
1285
1282
1290
1288
1289
1281
1281
1289
1289
1281
1283
1293
1290
1286
1285
1285
1293
1282
1291
1291
1288
1294
1294
1294
1284
1282
1295
1291
1286
1295
1291
1282
1285
1285
1283
1284
1293
1289
1280
1291
1293
1295
1295
1286
1282
1283
1290
1283
1288
1288
1289
1290
1294
1295
1295
1293
1281
1280
1291
1283
1283
1286
1280
1292
1292
1290
1286
1290
1280
1288
1295
1291
1283
1283
1285
1284
1281
1285
1291
1295
1287
1292
1292
1280
1281
1288
1280
1290
1287
1292
1280
1280
1280
1295
1283
1288
1289
1294
1295
1282
1282
1282
1280
1287
1293
1289
1284
1283
1287
1282
1292
1288
1283
1289
1290
1295
1280
1295
1295
1288
1280
1287
1286
1282
1288
1288
1287
1287
1287
1295
1288
1292
1286
1290
1280
1289
1283
1283
1288
1286
1287
1286
1282
1287
1280
1280
1283
1284
1281
1281
1284
1283
1285
1291
1291
1286
1290
1295
1286
1295
1281
1295
1285
1285
1292
1283
1291
1291
1280
1280
1295
1295
1290
1294
1287
1287
1287
1282
1287
1284
1284
1288
1280
1284
1286
1281
1291
1291
1291
1280
1287
1282
1294
1294
1295
1281
1290
1282
1281
1284
1289
1295
1292
1281
1288
1294
1291
1287
1280
1287
1287
1286
1281
1282
1282
1283
1284
1291
1290
1290
1284
1289
1291
1289
1294
1285
1290
1283
1293
1280
1291
1288
1288
1294
1295
1287
1293
1289
1282
1295
1295
1295
1289
1285
1285
1290
1285
1280
1291
1285
1291
1284
1291
1286
1287
1287
1293
1287
1281
1293
1288
1293
1280
1281
1291
1294
1292
1292
1289
1295
1285
1288
1285
1283
1280
1280
1294
1294
1288
1291
1295
1291
1288
1287
1288
1294
1294
1288
1283
1285
1280
1280
1288
1282
1287
1285
1292
1293
1281
1281
1286
1283
1287
1295
1283
1288
1295
1288
1288
1289
1295
1289
1294
1288
1288
1282
1285
1282
1282
1283
1282
1294
1288
1294
1285
1292
1285
1285
1283
1283
1283
1283
1282
1290
1294
1287
1291
1295
1290
1290
1282
1292
1292
1292
1295
1294
1286
1286
1286
1292
1282
1283
1283
1293
1285
1280
1280
1287
1285
1292
1281
1287
1281
1290
1291
1291
1286
1292
1288
1293
1295
1292
1286
1289
1289
1289
1282
1287
1295
1295
1280
1290
1287
1281
1283
1292
1280
1280
1290
1292
1288
1288
1280
1295
1282
1285
1282
1282
1290
1285
1295
1295
1281
1282
1294
1283
1283
1287
1288
1295
1295
1295
1284
1288
1288
1294
1286
1280
1291
1291
1282
1285
1295
1295
1284
1280
1285
1291
1284
1282
1291
1290
1290
1287
1289
1287
1280
1294
1291
1286
1295
1291
1294
1285
1288
1288
1290
1295
1283
1288
1291
1281
1293
1284
1287
1283
1281
1280
1280
1294
1287
1281
1294
1295
1290
1286
1283
1287
1290
1291
1292
1290
1283
1283
1287
1289
1291
1295
1294
1286
1286
1294
1291
1288
1293
1284
1290
1294
1294
1285
1285
1294
1289
1287
1290
1295
1294
1292
1287
1287
1291
1284
1287
1281
1287
1280
1280
1295
1280
1293
1287
1287
1291
1293
1293
1295
1285
1293
1287
1283
1280
1280
1289
1289
1288
1287
1285
1292
1280
1292
1287
1282
1283
1290
1295
1293
1294
1294
1295
1291
1289
1289
1292
1292
1283
1286
1292
1285
1280
1280
1294
1288
1288
1290
1286
1292
1291
1285
1295
1294
1280
1295
1291
1289
1288
1294
1283
1283
1280
1283
1294
1292
1287
1283
1283
1293
1293
1294
1295
1280
1295
1289
1289
1289
1294
1294
1289
1293
1286
1292
1282
1286
1290
1288
1293
1284
1293
1286
1287
1287
1295
1280
1284
1288
1289
1289
1291
1287
1280
1287
1281
1295
1283
1286
1294
1294
3855
3855
3855
3855
3855
3855
1286
3855
3855
3855
3855
3855
3855
3855
3855
3855
3848
3847
3598
3586
3341
3341
3333
3333
3331
1282
1294
1288
1283
1287
1285
1287
1295
1281
1283
1288
1281
1285
1282
1286
1285
1285
1286
1290
1289
1295
1287
1283
1292
1295
1284
1281
1286
1292
1292
1285
1281
1283
1283
1291
1291
1289
1289
1291
1281
1292
1289
1292
1289
1282
1280
1280
1288
1292
1295
1282
1282
1281
1283
1288
1282
1294
1288
1291
1288
1283
1288
1288
1282
1282
1292
1293
1293
1292
1287
1288
1289
1291
1291
1285
1292
1280
1289
1283
1291
1293
1287
1287
1280
1286
1284
1291
1290
1294
1285
1280
1280
1289
1286
1288
1292
1293
1292
1293
1283
1282
1284
1282
1290
1281
1280
1285
1282
1282
1282
1282
1283
1284
1291
1282
1291
1285
1286
1286
1294
1294
1280
1282
1293
1287
1287
1286
1289
1289
1287
1295
1293
1283
1291
1288
1284
1284
1293
1291
1283
1286
1285
1295
1288
1289
1289
1294
1287
1295
1286
1280
1281
1295
1294
1289
1289
1290
1285
1282
1280
1291
1292
1294
1288
1289
1287
1288
1282
1289
1282
1287
1290
1290
1289
1285
1289
1282
1295
1283
1288
1281
1294
1294
1283
1281
1283
1293
1285
1290
1282
1288
1288
1282
1283
1286
1286
1285
1287
1287
1287
1288
1287
1289
1283
1289
1284
1283
1288
1289
1291
1281
1287
1284
1284
1292
1292
1289
1294
1287
1280
1290
1289
1289
1295
1280
1284
1284
1291
1286
1287
1287
1282
1291
1289
1290
1295
1294
1283
1289
1286
1286
1288
1281
1283
1287
1290
1292
1289
1281
1281
1292
1294
1292
1280
1285
1287
1281
1295
1284
1292
1288
1288
1288
1280
1293
1280
1287
1294
1284
1283
1291
1291
1285
1291
1283
1290
1286
1291
1284
1282
1282
1286
1293
1293
1280
1294
1285
1287
1285
1284
1295
1280
1292
1292
1287
1281
1280
1291
1291
1295
1288
1288
1284
1280
1285
1282
1284
1284
1280
1294
1289
1291
1289
1285
1286
1284
1283
1290
1285
1281
1283
1281
1287
1288
1283
1283
1287
1293
1283
1289
1281
1283
1286
1286
1286
1287
1285
1283
1280
1287
1280
1281
1291
1291
1291
1295
1294
1280
1295
1288
1294
1293
1293
1288
1289
1288
1284
1280
1293
1290
1287
1289
1291
1287
1287
1291
1291
1285
1283
1287
1284
1282
1280
1281
1282
1292
1286
1293
1293
1293
1292
1295
1286
1284
1289
1287
1286
1290
1293
1292
1292
1294
1281
1295
1286
1295
1282
1284
1283
1287
1289
1289
1295
1294
1290
1291
1280
1291
1281
1290
1290
1283
1281
1280
1280
1295
1292
1290
1287
1289
1283
1283
1284
1284
1283
1283
1284
1280
1281
1287
1290
1290
1285
1287
1290
1281
1284
1284
1281
1291
1280
1288
1287
1291
1280
1293
1291
1291
1283
1292
1280
1280
1282
1292
1285
1285
1290
1285
1285
1291
1288
1280
1280
1288
1281
1280
1291
1289
1295
1289
1292
1292
1293
1280
1287
1286
1285
1282
1288
1282
1280
1285
1283
1292
1283
1283
1292
1280
1290
1295
1280
1292
1294
1280
1295
1281
1293
1285
1294
1291
1291
1291
1289
1288
1281
1289
1282
1292
1290
1283
1290
1287
1286
1284
1288
1295
1283
1283
1285
1285
1281
1280
1283
1281
1287
1281
1292
1280
1280
1293
1295
1289
1287
1280
1283
1281
1288
1288
1288
1282
1280
1291
1290
1289
1282
1293
1287
1293
1293
1295
1295
1282
1292
1291
1282
1286
1288
1293
1281
1281
1295
1287
1283
1282
1280
1283
1288
1280
1280
1287
1290
1282
1280
1287
1290
1283
1283
1288
1295
1285
1281
1288
1294
1283
1295
1280
1280
1290
1285
1293
1281
1289
1280
1283
1294
1294
1287
1293
1292
1288
1292
1294
1284
1290
1289
1284
1284
1294
1291
1287
1295
1290
1291
1291
1282
1291
1288
1294
1295
1282
1289
1288
1293
1290
1289
1283
1283
1292
1295
1280
1295
1288
1286
1288
1289
1290
1292
1294
1289
1295
1283
1284
1292
1283
1283
1283
1295
1283
1281
1288
1288
1295
1287
1287
1295
1294
1295
1281
1292
1284
1290
1286
1292
1292
1289
1281
1291
1285
1287
1285
1281
1281
1288
1281
1282
1282
1281
1280
1281
1287
1287
1285
1295
1289
1280
1293
1295
1288
1287
1281
1281
1295
1290
1281
1286
1288
1293
1288
1284
1283
1295
1284
1283
1289
1283
1287
1280
1280
1281
1283
1291
1283
1293
1288
1282
1291
1286
1286
1289
1286
1295
1291
1286
1290
1285
1294
1282
1288
1287
1294
1294
1287
1283
1289
1287
1291
1289
1282
1287
1286
1286
1289
1295
1290
1280
1286
1284
1295
1294
1294
1280
1292
1286
1293
1293
1282
1282
1288
1289
1294
1295
1288
1288
1289
1285
1281
1284
1287
1286
1286
1280
1280
1280
1284
1280
1295
1295
1280
1283
1290
1292
1280
1290
1293
1288
1292
1288
1288
1288
1288
1288
1289
1283
1287
1285
1280
1284
1284
1286
1283
1285
1287
1291
1291
1286
1283
1292
1294
1287
1283
1290
1286
1286
1288
1288
1287
1287
1285
1288
1295
1291
1287
1281
1293
1289
1286
1288
1293
1293
1295
1293
1287
1289
1283
1288
1288
1285
1285
1286
1281
1292
1293
1291
1284
1283
1285
1289
1287
1286
1280
1295
1280
1294
1287
1286
1291
1288
1285
1285
1292
1287
1280
1283
1281
1280
1291
1282
1282
1281
1280
1292
1283
1288
1283
1289
1295
1289
1288
1285
1282
1283
1291
1290
1294
1294
1285
1287
1293
1293
1289
1281
1291
1291
1293
1282
1286
1288
1280
1280
1294
1293
1286
1292
1289
1280
1293
1292
1288
1287
1291
1282
1288
1280
1286
1286
1031
1281
1284
1290
3855
3855
3855
3842
3596
3596
3598
3588
3328
3595
3598
3597
3840
3844
3855
2563
2569
2569
2571
2560
2821
2821
2563
2572
2571
2560
2565
2561
2574
2561
2573
2573
2567
2570
2567
2565
2569
2575
2571
2566
2566
2575
2565
2573
2575
2560
2574
2561
2561
2575
2564
2568
2572
2566
2575
2568
2561
2561
2572
2565
2568
2560
2567
2570
2560
2575
2575
2574
2562
2560
2572
2571
2563
2573
2561
2572
2568
2562
2561
2575
2564
2568
2574
2574
2560
2575
2560
2563
2566
2574
2567
2572
2572
2565
2568
2563
2563
2564
2575
2561
2561
2561
2565
2568
2561
2561
2570
2565
2561
2561
2560
2567
2561
2575
2561
2575
2560
2575
2575
2560
2573
2574
2563
2569
2565
2568
2574
2561
2575
2563
2567
2567
2565
2560
2571
2571
2575
2575
2568
2568
2567
2568
2568
2568
2570
2571
2575
2560
2573
2570
2562
2563
2563
2562
2571
2567
2566
2564
2569
2567
2573
2573
2572
2564
2560
2560
2566
2560
2569
2564
2575
2573
2566
2565
2567
2561
2565
2565
2563
2569
2571
2572
2563
2560
2575
2575
2575
2572
2564
2573
2568
2567
2563
2575
2569
2569
2562
2569
2567
2561
2575
2571
2563
2565
2565
2567
2573
2560
2567
2565
2560
2567
2563
2563
2570
2571
2563
2564
2568
2574
2560
1288
1281
1294
1295
1295
1282
1291
1287
1291
1287
1287
1289
1282
1280
1291
1280
1282
1295
1283
1282
1291
1288
1288
1290
1283
1290
1285
1291
1284
1286
1290
1284
1289
1291
1285
1280
1282
1291
1292
1288
1293
1288
1281
1282
1293
1293
1292
1285
1291
1291
1287
1286
1285
1295
1288
1295
1293
1281
1293
1289
1281
1281
1281
1290
1287
1295
1291
1294
1281
1287
1287
1283
1281
1280
1293
1284
1295
1283
1292
1281
1295
1285
1285
1288
1282
1283
1290
1293
1290
1280
1288
1280
1293
1295
1295
1281
1288
1286
1293
1283
1280
1286
1289
1280
1280
1295
1285
1280
1286
1283
1290
1286
1283
1283
1284
1292
1289
1281
1288
1293
1282
1282
1290
1287
1295
1292
1292
1295
1283
1293
1293
1294
1280
1287
1290
1283
1289
1283
1280
1280
1287
1287
1281
1281
1289
1283
1280
1280
1295
1286
1283
1283
1287
1281
1286
1288
1280
1292
1292
1287
1290
1290
1285
1285
1295
1282
1281
1291
1293
1280
1280
1286
1287
1287
1287
1289
1284
1291
1285
1280
1294
1282
1282
1282
1286
1284
1282
1294
1295
1287
1287
1285
1285
1295
1294
1280
1280
1281
1280
1280
1283
1295
1291
1289
1293
1281
1286
1283
1288
1288
1284
1287
1285
1295
1283
1280
1280
1284
1284
1280
1289
1288
1285
1295
1288
1288
1284
1284
1284
1295
1285
1288
1290
1287
1281
1281
1287
1287
1285
1293
1283
1281
1281
1286
1286
1286
1281
1284
1284
1290
1287
1291
1283
1288
1288
1284
1289
1283
1282
1281
1280
1290
1292
1286
1282
1295
1290
1280
1287
1290
1292
1282
1288
1280
1282
1288
1281
1283
1295
1284
1282
1282
1295
1295
1282
1286
1294
1295
1282
1287
1280
1280
1280
1280
1283
1285
1283
1295
1287
1290
1291
1281
1291
1291
1293
1293
1286
1286
1288
1282
1284
1282
1285
1288
1288
1282
1282
1295
1285
1289
1294
1289
1286
1285
1292
1295
1289
1290
1293
1282
1292
1292
1291
1285
1285
1285
1282
1282
1284
1291
1281
1282
1294
1283
1291
1286
1290
1290
1281
1281
1293
1293
1295
1292
1287
1295
1295
1293
1295
1287
1291
1283
1294
1286
1287
1291
1285
1284
1288
1286
1284
1283
1283
1289
1283
1290
1290
1287
1286
1284
1291
1291
1282
1291
1288
1283
1291
1292
1284
1285
1287
1289
1289
1290
1289
1288
1280
1281
1281
1284
1289
1291
1287
1286
1284
1283
1290
1290
1287
1285
1286
1291
1284
1283
1290
1294
1292
1288
1280
1293
1293
1291
1290
1292
1284
1280
1281
1290
1293
1293
1287
1288
1287
1286
1280
1283
1292
1285
1289
1289
1287
1295
1293
1286
1282
1287
1284
1283
1293
1291
1288
1288
1284
1287
1288
1290
1293
1288
1291
1288
1282
1288
1283
1282
1291
1291
1292
1295
1287
1292
1294
1294
1295
1282
1289
1292
1281
1292
1292
1295
1281
1282
1287
1283
1291
1286
1287
1287
1288
1294
1283
1283
1280
1287
1282
1288
1288
1289
1286
1281
1282
1292
1290
1282
1286
1293
1289
1293
1283
1291
1282
1287
1293
1287
1285
1282
1283
1283
1289
1292
1287
1284
1280
1289
1295
1294
1294
1286
1290
1280
1293
1287
1283
1293
1283
1281
1291
1287
1291
1293
1282
1293
1289
1286
1292
1284
1284
1281
1281
1288
1283
1295
1282
1289
1292
1283
1292
1282
1282
1288
1289
1280
1288
1294
1282
1291
1291
1294
1294
1287
1283
1295
1288
1292
1287
1295
1288
1293
1293
1289
1288
1293
1291
1280
1282
1283
1280
1282
1282
1289
1287
1286
1283
1290
1282
1292
1294
1283
1281
1295
1281
1288
1284
1287
1289
1284
1283
1286
1287
1285
1285
1282
1286
1291
1288
1290
1281
1288
1291
1291
1291
1285
1295
1291
1291
1291
1283
1288
1290
1284
1293
1293
1290
1285
1282
1280
1284
1284
1283
1292
1292
1283
1290
1285
1291
1295
1287
1287
1289
1287
1284
1280
1287
1288
1288
1285
1286
1289
1295
1283
1289
1294
1294
1285
1285
1293
1289
1287
1287
1280
1281
1293
1286
1283
1285
1292
1288
1288
1281
1282
1289
1293
1285
1290
1289
1294
1280
1283
1284
1281
1289
1284
1289
1286
1286
1295
1292
1286
1285
1292
1285
1282
1288
1288
1287
1293
1281
1292
1285
1295
1288
1281
1283
1295
1289
1286
1289
1280
1284
1290
1295
1286
1280
1284
1282
1282
1292
1291
1295
1283
1284
1291
1295
1286
1286
1291
1290
1283
1284
1285
1288
1288
1288
1282
1289
1286
1287
1287
1295
1295
1280
1287
1287
1286
1292
1280
1280
1287
1294
1292
1281
1295
1280
1287
1280
1286
1286
1288
1295
1287
1282
1289
1281
1290
1284
1294
1293
1290
1290
1285
1292
1281
1284
1291
1281
1291
1282
1282
1287
1295
1288
1283
1291
1281
1294
1291
1284
1284
1289
1280
1293
1286
1281
1293
1281
1281
1294
1292
1280
1289
1282
1287
1280
1287
1291
1292
1280
1282
1282
1284
1289
1288
1288
1280
1294
1281
1292
1292
1295
1281
1283
1284
1284
1292
1289
1289
1281
1287
1286
1286
1286
1288
1291
1287
1294
1289
1282
1294
1290
1290
1284
1280
1280
1280
1284
1286
1289
1289
1293
1285
1291
1281
1293
1292
1280
1283
1286
1284
1282
1284
1282
1283
1293
1287
1293
1293
1295
1284
1292
1280
1289
1287
1283
1293
1293
1280
1288
1283
1283
1288
1281
1292
1288
1289
1294
1293
1293
1293
1282
1285
1285
1294
1283
1294
1290
1294
1285
1282
1285
1288
1288
1287
1284
1290
1284
1290
1288
1284
1281
1281
1289
1285
1280
1287
1294
1286
1283
1283
1287
1288
1285
1285
1288
1281
1288
1290
1286
1280
1280
1287
1289
1289
1291
1295
1290
1280
1283
1286
1291
1295
1295
1287
1288
1292
1292
1292
1284
1289
1294
1290
1280
1294
1284
1282
1281
1293
1293
1283
1285
1285
1285
1282
1281
1282
1290
1293
1294
1289
1281
1281
1289
1293
1280
1280
1294
1294
1293
1293
1293
1287
1291
1291
1288
1288
1288
1295
1289
1288
1287
1283
1291
1291
1294
1293
1294
1280
1280
1287
1295
1290
1290
1291
1288
1285
1281
1287
1294
1280
1282
1292
1294
1290
1289
1293
1287
1288
1282
1282
1292
1288
1291
1289
1288
1295
1281
1283
1283
1284
1292
1294
1281
1285
1280
1293
1295
1283
1289
1294
1282
1282
1282
1280
1285
1295
1284
1291
1287
1294
1294
1281
1291
1290
1287
1287
1282
1292
1291
1291
1292
1282
1294
1290
1281
1284
1291
1295
1295
1288
1281
1290
1295
1286
1280
1285
1286
1287
1287
1285
1290
1282
1285
1280
1289
1281
1287
1291
1284
1294
1292
1280
1286
1292
1284
1284
1289
1288
1281
1283
1289
1292
1283
1291
1280
1288
1280
1280
1289
1289
1288
1284
1294
1295
1294
1287
1295
1283
1281
1280
1294
1285
1287
1295
1283
1280
1289
1289
1282
1289
1283
1281
1289
1280
1281
1281
1282
1295
1280
1294
1289
1289
1293
1293
1280
1283
1280
1281
1295
1292
1280
1291
1291
1281
1294
1280
1280
1281
1287
1283
1290
1290
1285
1288
1283
1293
1287
1295
1283
1294
1294
1295
1280
1291
1295
1280
1289
1280
1281
1281
1289
1295
1281
1284
1281
1294
1291
1293
1293
1281
1288
1295
1289
1288
1291
1288
1291
1291
1292
1295
1288
1291
1290
1292
1295
1295
1281
1285
1289
1292
1282
1294
1289
1293
1288
1288
1281
1283
1294
1283
1283
1295
1293
1281
1281
1292
1282
1288
1288
1286
1291
1280
1292
1280
1280
1295
1295
1288
1288
1287
1283
1285
1285
1280
1281
1284
1283
1287
1285
1282
1295
1295
1291
1280
1294
1294
1290
1295
1295
1283
1285
1292
1291
1295
1294
1294
1281
1290
1285
1285
1282
1284
1283
1280
1280
1285
1293
1293
1282
1295
1285
1281
1280
1281
1294
1288
1280
1280
1294
1295
1283
1287
1289
1287
1286
1280
1280
1288
1290
1290
1288
1285
1285
1285
1281
1283
1288
1283
1295
1285
1281
1280
1283
1283
1280
1295
1287
1287
1292
1287
1283
1288
1283
1281
1291
1294
1294
1288
1288
1293
1295
1292
1285
1292
1294
1294
1290
1291
1287
1287
1290
1280
1283
1283
1283
1280
1288
1294
1291
1293
1292
1282
1294
1294
1281
1281
1280
1280
1281
1291
1287
1288
1283
1280
1290
1281
1281
1287
1284
1286
1293
1284
1289
1281
1290
1290
1291
1280
1287
1292
1294
1284
1291
1288
1288
1288
1281
1286
1280
1290
1286
1289
1295
1295
1286
1286
1284
1292
1287
1295
1281
1280
1280
1281
1280
1288
1282
1287
1287
1295
1288
1293
1286
1290
1286
1295
1295
1290
1293
1291
1291
1295
1282
1280
1280
1284
1283
1292
1286
1281
1289
1287
1280
1280
1293
1288
1284
1286
1283
1285
1286
1281
1288
1288
1289
1295
1288
1291
1280
1292
1293
1293
1293
1295
1288
1282
1289
1284
1293
1284
1293
1286
1284
1283
1283
1288
1284
1285
1284
1280
1285
1291
1291
1291
1294
1294
1287
1292
1295
1290
1291
1280
1282
1287
1291
1290
1294
1280
1280
1290
1281
1281
1292
1284
1280
1295
1287
1291
1286
1289
1289
1288
1292
1289
1290
1284
1283
1281
1280
1280
1290
1281
1288
1288
1287
1292
1282
1282
1287
1290
1280
1290
1286
1294
1281
1292
1288
1288
1280
1283
1290
1282
1290
1287
1280
1287
1287
1286
1292
1285
1287
1280
1295
1282
1294
1285
1283
1282
1286
1290
1295
1295
1288
1286
1286
1285
1288
1283
1284
1287
1286
1292
1295
1295
1283
1281
1281
1284
1294
1280
1289
1288
1288
1291
1288
1288
1288
1286
1281
1289
1295
1295
1280
1288
1288
1288
1283
1286
1289
1291
1292
1282
1282
1287
1287
1295
1295
1280
1295
1291
1288
1295
1283
1287
1280
1283
1282
1281
1288
1280
1285
1287
1287
1294
1289
1294
1288
1281
1282
1280
1291
1291
1282
1291
1280
1290
1294
1291
1291
1295
1293
1293
1284
1280
1290
1283
1293
1288
1290
1292
1288
1280
1290
1283
1290
1280
1284
1288
1289
1281
1292
1293
1285
1291
1286
1287
1283
1283
1293
1281
1295
1293
1280
1288
1294
1293
1281
1280
1294
1283
1294
1287
1288
1287
1294
1291
1295
1293
1291
1289
1293
1289
1280
1283
1283
1283
1292
1293
1294
1292
1295
1295
1295
1293
1281
1293
1292
1284
1283
1281
1287
1288
1281
1280
1286
1295
1283
1281
1289
1280
1283
1288
1293
1288
1293
1283
1293
1283
1290
1283
1293
1293
1287
1289
1284
1294
1280
1289
1287
1282
1294
1283
1286
1280
1288
1288
1289
1284
1280
1287
1294
1295
1295
1286
1287
1283
1286
1290
1287
1289
1291
1285
1290
1285
1281
1285
1290
1292
1293
1287
1282
1282
1280
1283
1294
1284
1292
1292
1292
1293
1280
1285
1286
1282
1287
1288
1291
1291
1287
1294
1281
1282
1282
1289
1288
1287
1284
1291
1280
1290
1287
1280
1280
1284
1281
1283
1283
1294
1295
1286
1295
1289
1293
1285
1290
1292
1283
1290
1291
1290
1287
1284
1295
1288
1280
1288
1283
1288
1290
1292
1287
1291
1282
1287
1291
1283
1286
1282
1290
1294
1287
1288
1282
1280
1295
1281
1288
1280
1295
1291
1291
1281
1287
1291
1295
1294
1280
1291
1284
1293
1286
1282
1288
1295
1294
1280
1281
1288
1283
1284
1281
1290
1292
1286
1287
1281
1291
1295
1287
1289
1295
1289
1281
1291
1284
1295
1285
1292
1280
1288
1284
1295
1284
1283
1284
1295
1285
1286
1287
1288
1294
1291
1288
1288
1291
1290
1283
1295
1289
1284
1285
1294
1288
1283
1294
1292
1294
1285
1290
1284
1287
1283
1288
1291
1286
1289
1280
1295
1288
1290
1280
1280
1285
1295
1287
1287
1286
1295
1285
1289
1295
1287
1292
1289
1290
1293
1287
1286
1289
1285
1287
1293
1283
1291
1287
1283
1289
1292
1286
1287
1282
1289
1282
1294
1285
1280
1284
1280
1281
1286
1293
1280
1288
1291
1290
1292
1283
1293
1295
1285
1291
1294
1291
1295
1280
1283
522
15
266
264
263
520
522
522
1034
1285
1539
768
773
2050
527
527
1537
1548
525
1547
772
524
524
1800
1036
779
256
11
4
4
0
263
516
1038
780
1285
1544
2048
2048
1805
1543
270
5
1545
1544
1542
1295
1295
2058
779
521
520
15
1
526
1026
265
523
15
3
3
263
515
1291
1805
1792
1537
1799
2313
2051
1544
1288
1037
1036
780
774
514
521
521
6
4
14
270
2
11
14
15
268
268
1283
0
2056
1280
1036
2823
2063
1028
1291
1031
1027
1287
1291
1293
1295
776
778
778
526
264
0
12
265
1
0
0
0
0
768
1537
1295
1795
1804
1545
1545
1289
1289
1027
783
1027
1035
1031
771
768
1034
518
775
259
2823
2819
2831
2564
2564
2567
2575
2565
2571
2574
2571
2561
2564
2564
2567
2575
2569
2575
2575
2572
2570
2568
2562
2562
2575
2561
2572
2573
2562
2563
2575
2575
2561
2575
2567
2575
2566
2575
2564
2563
2563
2567
2565
2568
2564
2570
2564
2575
2574
2575
2575
2564
2568
2563
2566
2563
2567
2565
2566
2563
2563
2575
2563
2563
2560
2567
2564
2564
2560
2561
2575
2568
2565
2565
2560
2562
2575
2575
2568
2566
2562
2575
2564
2562
2562
2563
2560
2563
2565
2568
2563
2571
2563
2565
2565
2575
2563
2569
2563
2561
2567
2562
2567
2313
2313
1545
1281
2561
2562
2571
2575
2575
2570
2570
2571
2567
2571
2565
2572
2564
2566
2566
2561
11
7
15
3
14
5
12
14
14
10
12
11
12
9
12
12
9
9
7
8
12
7
9
12
10
15
7
7
3
7
7
9
7
10
9
9
14
8
9
7
6
3
10
9
11
11
11
9
7
4
10
6
7
5
5
7
6
9
9
3
8
3
3
7
6
8
5
15
3
8
3
8
8
7
4
6
8
8
8
2
7
7
2
9
2
3
0
8
5
1
7
3
4
15
3
0
15
2
1
1
13
15
1
3
14
7
15
15
6
6
15
15
11
15
9
3
0
2
2
3
15
15
3
1
1
5
3
3
1545
526
1024
776
527
1799
512
1545
1545
1029
1282
778
1029
1547
1280
260
1288
513
513
15
4
2
2
4
523
518
518
782
1032
780
1545
1546
1550
1547
1280
1280
1033
1035
1039
527
514
783
517
256
264
264
257
13
3
3
7
15
776
776
7
2051
1542
1542
269
1550
1025
2061
2316
2052
1287
1284
6
6
15
260
775
518
780
15
269
527
527
271
772
771
768
772
1037
1292
1288
773
4
1293
1806
2316
2570
1293
1025
1039
1039
11
512
1028
1539
266
4
775
262
262
520
1807
524
1542
4
775
2561
1028
2051
2051
1288
1547
2564
780
2
8
1281
1281
2570
1
1802
258
259
265
1800
4
15
15
1539
15
12
15
775
1289
1549
1804
1804
2063
1538
1550
1295
1288
1283
1036
1039
1031
777
526
1029
1029
268
266
6
7
12
9
271
512
512
516
769
1033
1289
1545
1544
1545
1538
1538
1290
1034
776
776
513
265
270
15
4
7
10
10
10
11
267
514
1
2051
1035
782
1551
1551
2561
2312
1039
1024
1027
1792
527
2
775
775
775
1544
259
259
523
2
1026
1026
1
1030
259
513
524
1547
776
774
1283
1283
779
1536
512
2057
783
771
771
264
264
14
4
13
4
1295
0
2
6
3
267
516
1038
1548
2055
1291
2575
1295
1295
1028
512
1024
1804
1035
1283
1282
1291
1291
1032
769
11
5
8
6
15
1
1
515
1039
1287
1287
1549
1536
1287
1287
777
526
256
256
15
2
7
9
263
517
782
1294
1280
1280
1551
1551
1801
1547
1538
1546
1291
1294
1294
262
1292
783
774
520
772
11
11
8
522
11
15
1028
526
2051
1034
2315
2315
2060
1544
2055
775
516
15
1
0
0
257
1543
15
1024
771
0
1
781
781
517
3
264
1291
777
1039
264
1284
1284
2561
2567
2563
2310
1807
2561
2575
2571
2571
1287
10
15
15
13
514
3
2564
268
3
4
14
0
0
15
13
8
0
4
1
10
15
15
15
775
2564
1287
1290
1287
1543
1543
1541
1288
1805
1805
2568
1803
1538
1293
1795
1551
1544
1280
1031
1031
1291
773
1292
521
516
516
527
523
523
523
1030
1028
1028
2312
2311
1805
1805
2309
1801
1538
1291
1025
1546
1536
1032
1032
524
777
13
520
0
1038
265
1029
1029
776
4
4
524
523
523
1032
520
517
1032
1031
1295
779
1294
1024
1024
520
519
263
15
264
264
271
0
15
768
9
1289
776
776
1032
1032
2570
2309
768
9
1536
524
1024
15
512
776
264
1290
15
4
1036
4
13
525
256
1033
271
271
13
522
773
774
2568
2562
2573
2564
2056
1545
1797
1290
1290
1544
1027
782
1294
768
1030
515
266
521
266
268
1295
1295
1280
1805
1025
1792
1031
777
1545
525
525
1283
1543
1287
1037
268
1792
513
768
1026
7
1026
1032
1032
1036
1027
1031
1031
1799
1295
1282
768
1293
1539
1282
1538
1538
2314
2059
1794
774
1031
1281
1030
522
271
269
7
268
5
521
11
260
11
1024
1025
1550
1538
1545
1803
1031
1802
1802
1285
1280
1030
1039
768
522
267
518
513
267
5
0
6
271
770
1037
1032
1807
1039
1281
1547
1793
1551
1544
1031
515
13
520
515
770
770
1031
517
513
515
513
516
1033
2573
2573
2563
2561
2569
2573
0
4
0
4
4
15
261
513
526
778
1024
768
768
777
1032
1027
768
527
512
781
768
768
782
1030
1024
2567
266
1032
1034
1024
770
770
1543
512
517
769
773
1031
1032
1035
1032
780
777
777
2572
0
512
257
2319
516
2566
2575
523
523
1035
263
1547
2571
2567
2573
2567
2560
2569
2572
2574
2575
2561
2567
2565
2573
2571
2569
2567
2561
2571
2571
2575
2560
2572
2571
2571
2566
2560
5
5
14
2562
2571
2570
2561
2574
2572
2566
2573
2564
2570
2567
2561
2570
2568
2571
2318
2574
2561
2572
2572
2572
1028
1549
1550
2560
2561
2566
775
2304
2304
262
1796
2
778
2567
1541
2565
2572
2567
2575
2561
2560
2575
2571
2560
2569
2574
2572
2562
7
9
9
10
6
7
4
4
7
10
11
7
7
3
2560
2571
2573
2574
2573
2560
2569
2564
2562
2568
2572
2560
2569
2573
2561
2569
2562
2560
2569
2573
2573
2573
2572
2568
2574
2572
2572
2567
2570
2570
2570
2571
2569
2573
2570
2571
2575
2572
2560
2570
2560
2569
2569
2573
2571
2569
2574
2560
2571
2560
2573
2573
2570
2567
2566
2571
2570
2567
2561
2573
2573
2560
2574
2572
2568
2572
2560
2569
2561
2563
2572
2567
2571
2571
2560
2563
2560
2567
2560
2566
2567
2565
2565
2568
2572
2575
2560
2573
1544
11
2057
2560
2560
1803
1027
2573
2573
1033
2570
2570
2048
10
516
783
1024
1280
771
778
1543
1799
2313
2050
2061
1794
2056
2304
1798
1292
521
7
7
769
519
1025
1025
772
1806
1806
2572
2060
1801
1807
1551
771
265
0
515
776
258
518
5
256
1035
1035
2055
2053
2560
2057
1536
1794
1794
2560
2061
2313
2570
2568
1285
1025
1024
1024
1540
2311
1796
1547
1544
1803
1803
2316
2564
2059
2056
2319
2050
1799
1803
1804
774
774
783
1032
1034
1293
1548
1803
1797
1800
2060
2306
2306
2311
2315
2560
2058
1797
1551
1551
1547
1024
780
780
783
1027
1542
1550
2056
2051
2052
2052
2304
2056
2055
2061
2049
2052
2053
1798
1538
1294
1024
1029
1024
771
778
1039
1286
1295
1800
1792
2050
2050
2054
2060
2063
1792
2055
1807
1807
1549
1282
1036
1030
771
1033
1024
1037
1025
1295
1544
1543
2050
1794
1796
2048
2061
2056
2048
1792
1539
1289
1283
1029
768
1281
1031
11
2062
1287
1026
7
10
12
1285
2571
2060
524
7
8
256
2569
2562
8
781
512
515
10
264
513
513
1806
1288
2565
2565
2569
2560
2311
2062
1285
1547
781
1540
1283
1039
1293
1281
1284
1284
778
2049
2053
1805
2058
1794
1536
1291
2051
1548
1287
1282
1537
1028
1800
1033
1024
1293
1026
10
11
10
10
7
14
2823
8
2826
8
8
12
1
3
10
5
6
6
6
12
11
8
12
3
3
6
1
1
11
2828
2816
2819
2819
2819
2831
2824
2826
2826
2824
2822
2824
2817
2823
2823
2821
2824
2823
2817
2824
2819
2822
2828
2824
2826
2820
2820
2831
2817
2821
2820
2823
2822
2826
2819
2820
2820
2821
2831
2819
2824
2822
2820
2817
2820
2820
2819
2822
2823
2820
2819
2831
2820
2820
2824
2817
2822
2817
2824
2817
2819
2826
2828
2828
2824
2824
2824
2818
2821
2817
2818
2824
2824
2819
2819
2827
2824
2825
2818
2820
2820
2824
2818
2819
2819
2819
2828
2831
2819
2822
2826
2824
2831
2819
2819
2823
2822
2823
2816
2831
2826
2817
2821
2821
2824
2827
2817
2821
2821
2818
2823
2823
2828
2828
2825
2822
2831
2824
2823
2828
2820
2820
2828
2824
2817
2825
2819
2819
2816
2820
2820
2816
2831
2828
2826
2822
2817
2826
2822
2824
2819
2827
2823
2826
2824
2816
2818
2823
2823
2831
2825
2823
2816
2823
2825
2823
2831
2831
2827
2818
2817
2824
2826
2821
2823
2819
2828
2828
2825
2820
2818
2818
2820
2819
2824
2824
2831
2830
2823
2824
2824
2825
2825
2825
2825
2826
2822
2821
2826
2824
2819
2818
2820
2823
2823
2825
2821
2816
2816
2817
2821
2819
2816
2827
8
12
12
0
14
13
15
15
9
12
10
10
2819
2824
2821
2820
7
7
13
11
0
10
13
8
14
13
13
0
11
9
10
12
12
10
3
3
14
9
7
9
3
11
12
2
2
10
9
6
271
525
1031
513
1033
771
771
1284
1024
1539
519
771
1543
517
517
1541
1284
1291
1284
1283
1549
520
1035
1035
770
2825
771
1540
1800
768
1543
1538
1801
1801
1542
1793
1537
1037
1285
1024
257
1287
1543
1029
1291
521
769
270
2569
1030
1030
1544
2569
2825
1792
774
1291
1036
1291
1295
1034
1031
1032
780
780
1034
519
524
1291
520
1540
522
1291
1288
1033
1290
1290
1291
1290
1291
1543
1286
1286
2055
1288
1293
1033
772
1031
783
1039
1039
1800
1547
1550
527
2822
1802
1550
1802
1802
9
1031
1548
1548
1548
781
1039
1039
1794
1292
523
1282
1280
8
1803
1547
521
521
2304
1029
1033
1033
271
1034
2318
1031
14
1282
1289
1537
1537
776
1290
1029
1029
1028
1291
1291
1291
1282
1291
1281
1281
1283
1288
1288
1283
1290
1290
1029
1037
1030
1294
1029
1024
1031
1039
1039
1032
1290
1295
1290
1538
1280
1544
1806
1792
3
7
2831
2825
2822
1024
1793
1024
1024
2819
2816
2824
2831
2825
2819
2822
8
7
6
9
9
9
12
9
11
2824
2818
2824
2819
2819
2820
8
3
13
7
10
13
8
1537
1537
1286
1025
1547
777
773
1549
768
1802
775
775
1031
3
5
1291
1803
268
11
1803
527
1037
2
2820
1025
0
1286
1295
1295
2312
2316
1293
9
1540
1287
1035
1025
1035
1035
1025
771
1290
1029
1282
1037
1793
2060
2060
2317
1536
1803
1537
1026
2816
1027
1027
1036
1292
10
6
1025
520
1289
2312
1286
1286
1548
1028
513
520
1026
1801
1028
1542
1542
1034
1030
772
1029
1548
1289
1281
1541
1542
1286
1287
1031
1033
776
1028
1283
1280
1280
1544
1281
1035
1291
768
1035
2571
2562
2562
1543
1541
1289
1031
1287
776
1027
778
1035
1035
1287
1025
779
779
15
12
266
266
522
6
10
8
12
7
7
1026
1283
1283
1291
1542
1031
1548
1536
1282
1032
1035
1035
1548
2824
774
769
522
1026
1285
2056
1804
1537
1035
1548
1294
1539
1538
1280
1539
1539
1294
1539
1538
2052
2560
1551
1543
2312
2312
1286
520
1287
782
770
1280
1029
768
768
1281
1282
1287
1551
1539
1548
1537
1543
1543
1280
2825
1544
1805
1033
260
1536
2822
2822
527
1033
1029
1537
1031
778
780
1032
1032
1545
2823
2824
2824
2824
2823
2831
2820
2820
2823
2820
2823
2823
2831
2826
2821
2819
2819
7
7
5
5
6
9
3
6
4
4
12
6
6
6
3
6
5
5
2819
1027
1035
1035
1280
515
2827
2560
1550
1538
1543
782
1547
1547
1291
1550
1284
1541
1542
1794
1026
1033
1033
1029
1037
1025
1032
1035
1031
1803
1030
2309
1292
1286
519
9
2059
1037
269
1536
1536
1281
2049
1292
1026
514
1281
1804
265
265
777
1280
2056
1029
776
1287
1039
1032
779
779
1026
1545
1796
3
1551
515
1024
1024
1036
777
2312
774
781
1294
773
258
258
778
1291
7
768
1039
769
776
13
1031
1031
519
1030
1551
1024
773
1549
1540
770
775
1543
1288
1288
1281
768
1288
1295
1035
1293
1284
2820
2822
2822
2829
2820
2821
2831
2825
2831
2831
2820
2820
2831
2831
2820
2824
2823
2824
2817
2822
2816
2827
2824
2818
2818
2824
2821
2828
2820
2824
2831
2819
2831
2831
2831
